
"KS209EW - Religion"
"ONS Crown Copyright Reserved [from Nomis on 8 June 2020]"
"Population :","All usual residents"
"Units      :","Persons"
"Date       :","2011"
"Rural Urban:","Total"

"2011 output area","mnemonic","Christian","Buddhist","Hindu","Jewish","Muslim","Sikh","Other religion","No religion","Religion not stated"

"E00014303","E00014303",57.3,1.0,0.5,1.5,19.6,0.0,1.0,11.6,7.5
"E00014307","E00014307",55.3,0.0,2.3,0.3,25.1,0.0,0.3,11.1,5.7
"E00014311","E00014311",52.2,1.0,0.0,0.0,31.1,0.0,0.5,7.7,7.7
"E00014312","E00014312",51.1,2.1,0.0,0.8,24.2,0.0,0.3,14.6,6.9
"E00175093","E00175093",47.3,0.4,2.6,0.0,28.9,0.4,0.0,15.4,5.1
"E00175094","E00175094",54.5,1.1,0.0,0.0,13.4,0.0,1.6,21.4,8.0
"E00175095","E00175095",39.9,0.3,0.3,0.0,43.5,0.0,0.3,8.6,7.0
"E00014316","E00014316",46.3,1.7,1.3,2.2,14.4,0.0,0.4,26.6,7.0
"E00014317","E00014317",48.1,0.0,0.0,0.0,32.9,0.0,0.0,9.9,9.1
"E00014318","E00014318",44.3,0.0,0.0,0.0,17.1,0.0,0.7,28.6,9.3
"E00014319","E00014319",38.3,0.0,0.0,0.0,44.2,0.0,0.0,10.2,7.3
"E00014320","E00014320",51.6,0.4,0.0,0.4,27.3,0.0,0.0,9.1,11.3
"E00014309","E00014309",47.1,0.8,0.0,0.4,23.6,0.0,0.0,17.6,10.6
"E00014314","E00014314",50.4,0.4,0.9,0.4,28.5,0.4,0.9,7.5,10.5
"E00014315","E00014315",52.7,0.9,1.8,2.7,24.5,0.0,0.0,10.0,7.3
"E00014321","E00014321",44.1,2.0,2.4,0.4,26.8,0.0,0.0,14.6,9.8
"E00014300","E00014300",48.0,1.5,0.3,0.8,13.1,0.8,0.5,25.3,9.8
"E00014301","E00014301",46.4,0.5,0.0,0.3,29.7,0.3,0.0,13.5,9.3
"E00014323","E00014323",48.3,0.5,1.0,0.0,25.2,0.0,1.0,17.0,6.9
"E00014324","E00014324",41.9,0.0,0.6,1.0,31.0,0.3,0.0,16.6,8.6
"E00014327","E00014327",52.3,0.0,0.0,0.0,13.5,0.4,0.4,24.1,9.4
"E00014304","E00014304",49.3,0.7,0.0,0.4,24.8,0.0,0.7,12.8,11.3
"E00014305","E00014305",44.9,1.2,0.0,0.4,36.7,0.0,0.0,8.2,8.6
"E00014308","E00014308",48.7,1.0,0.0,0.0,28.9,0.0,0.0,9.9,11.5
"E00014310","E00014310",40.4,0.4,0.8,0.0,33.3,0.0,0.8,13.3,11.0
"E00014313","E00014313",49.6,0.4,0.0,1.5,23.1,0.0,0.0,15.4,10.0
"E00014615","E00014615",42.5,0.0,1.3,0.0,34.6,0.0,0.0,11.9,9.7
"E00014620","E00014620",46.5,0.3,0.0,0.0,30.1,0.0,0.3,17.1,5.7
"E00014624","E00014624",62.0,1.3,0.0,0.4,12.0,0.0,0.0,16.2,8.1
"E00014629","E00014629",55.2,0.6,0.0,1.2,6.7,0.0,0.6,20.6,15.2
"E00014630","E00014630",55.7,2.1,0.0,0.0,18.6,0.0,0.0,16.4,7.1
"E00014621","E00014621",54.6,0.6,0.8,0.8,18.7,0.0,0.3,18.1,6.1
"E00014623","E00014623",54.5,0.3,1.5,0.0,11.7,0.0,0.0,21.7,10.2
"E00014626","E00014626",42.3,1.8,3.5,0.4,21.5,0.0,0.4,17.3,13.0
"E00014628","E00014628",54.2,1.0,1.4,0.3,15.6,0.0,0.0,19.1,8.3
"E00014634","E00014634",42.0,0.7,0.3,1.6,15.4,0.0,1.0,29.8,9.2
"E00014616","E00014616",49.2,2.0,1.6,0.7,3.9,0.3,0.0,30.8,11.5
"E00014622","E00014622",50.2,1.1,0.2,3.6,16.6,0.2,0.2,21.5,6.4
"E00014625","E00014625",38.2,1.5,0.0,0.0,38.2,0.0,0.0,13.1,9.0
"E00014633","E00014633",60.8,2.1,2.4,0.3,4.5,0.3,0.0,21.5,8.0
"E00014636","E00014636",61.3,0.0,0.3,0.9,7.1,0.0,0.0,22.2,8.3
"E00014619","E00014619",51.2,0.3,0.0,0.0,19.5,2.0,0.3,20.1,6.6
"E00014627","E00014627",50.3,0.0,0.3,0.0,25.3,0.0,0.3,15.4,8.2
"E00014631","E00014631",54.3,0.0,0.0,0.0,20.7,0.0,0.0,17.4,7.6
"E00014632","E00014632",52.7,1.1,0.0,0.4,29.6,0.0,0.0,6.1,10.1
"E00014641","E00014641",69.4,0.7,0.0,0.0,6.1,0.0,0.0,10.9,12.9
"E00014450","E00014450",47.2,0.4,0.0,1.1,15.2,0.0,0.0,25.7,10.4
"E00014451","E00014451",53.6,0.8,0.0,0.4,2.8,0.0,0.4,28.2,13.9
"E00014452","E00014452",51.4,0.6,0.3,0.9,4.8,0.0,2.0,30.1,9.9
"E00014453","E00014453",61.3,0.0,1.0,1.6,6.8,0.0,0.5,17.3,11.5
"E00014456","E00014456",64.0,1.8,0.0,3.4,2.2,0.0,1.8,18.8,8.0
"E00014458","E00014458",54.8,0.0,0.0,1.2,3.8,0.6,0.6,29.4,9.6
"E00014445","E00014445",59.2,1.4,0.3,0.0,25.8,0.0,0.3,6.2,6.8
"E00014446","E00014446",46.9,0.6,0.0,0.0,33.7,1.2,0.0,8.4,9.3
"E00014460","E00014460",53.5,1.4,1.4,1.9,12.7,0.0,0.9,21.3,6.9
"E00014462","E00014462",41.4,3.7,0.0,0.9,22.4,0.0,0.9,20.2,10.4
"E00014465","E00014465",54.9,0.8,0.0,0.0,20.8,0.0,0.0,17.0,6.4
"E00014454","E00014454",44.6,0.0,0.7,2.1,14.6,0.0,0.0,25.4,12.5
"E00014455","E00014455",56.6,0.3,0.0,1.1,6.6,0.0,0.0,25.1,10.3
"E00014457","E00014457",48.9,0.7,1.1,1.5,9.6,0.0,0.7,25.2,12.2
"E00014459","E00014459",50.8,1.7,0.0,0.4,9.1,0.0,0.8,20.7,16.5
"E00014463","E00014463",56.9,1.4,1.4,0.0,14.8,0.0,0.9,14.4,10.2
"E00014464","E00014464",51.5,2.3,0.8,0.8,6.4,0.4,0.8,31.1,6.1
"E00014635","E00014635",57.1,2.2,0.0,0.4,10.2,0.4,0.0,23.9,5.8
"E00014637","E00014637",50.3,1.7,0.0,1.4,3.1,0.0,1.0,34.6,7.9
"E00014638","E00014638",59.8,1.6,0.4,3.1,2.0,0.0,0.4,20.7,12.1
"E00014640","E00014640",55.1,0.0,1.4,0.5,7.4,0.0,1.4,26.6,7.7
"E00014643","E00014643",48.8,3.2,0.0,0.0,10.7,0.0,1.6,23.4,12.3
"E00014614","E00014614",55.6,0.3,0.9,3.0,4.1,0.0,0.0,27.8,8.3
"E00014617","E00014617",53.5,2.9,0.3,2.6,5.0,0.6,0.0,30.6,4.4
"E00014618","E00014618",57.9,2.8,1.7,0.7,2.1,0.0,0.0,22.4,12.4
"E00014639","E00014639",45.0,2.1,0.8,1.6,8.9,1.3,0.8,27.0,12.6
"E00014642","E00014642",50.1,0.8,1.3,0.8,4.6,0.0,1.1,31.1,10.2
"E00014644","E00014644",51.3,1.2,0.5,2.1,8.1,0.2,0.7,26.2,9.7
"E00014163","E00014163",38.8,4.9,1.1,3.0,10.4,0.0,0.0,32.1,9.7
"E00014168","E00014168",49.3,1.1,1.8,0.0,10.2,0.0,0.4,28.1,9.1
"E00014170","E00014170",43.2,1.7,0.0,3.8,15.0,0.0,1.7,21.4,13.2
"E00014171","E00014171",47.3,2.9,0.0,1.3,8.8,0.0,1.3,25.5,13.0
"E00014173","E00014173",46.1,2.2,0.0,0.6,6.7,0.0,0.6,30.0,13.9
"E00014175","E00014175",49.4,1.1,1.5,0.7,3.3,0.0,0.4,32.1,11.4
"E00014150","E00014150",48.3,3.4,0.7,0.3,17.1,0.0,1.3,21.8,7.0
"E00014151","E00014151",52.0,3.4,0.3,0.8,15.0,0.3,0.0,22.3,5.9
"E00014162","E00014162",49.9,0.3,0.3,0.3,4.6,0.0,0.3,30.4,14.0
"E00014164","E00014164",47.3,2.5,0.0,0.4,10.0,0.0,0.4,28.5,10.9
"E00014165","E00014165",42.1,1.5,0.0,0.0,7.3,0.0,2.3,32.8,13.9
"E00014167","E00014167",48.9,0.7,0.0,1.1,14.2,0.0,0.4,27.7,6.9
"E00014153","E00014153",46.4,3.8,0.0,1.1,11.1,0.0,0.0,27.6,10.0
"E00014166","E00014166",46.5,1.0,6.0,1.0,7.5,0.0,0.5,28.0,9.5
"E00014169","E00014169",45.8,0.8,0.0,1.3,9.2,0.0,1.1,29.6,12.1
"E00014172","E00014172",54.3,0.7,0.0,1.4,8.9,0.4,0.0,25.5,8.9
"E00014174","E00014174",54.7,0.0,0.0,2.1,7.3,0.0,0.0,22.6,13.1
"E00014177","E00014177",49.5,0.6,0.0,0.3,23.7,0.0,0.3,16.7,8.8
"E00014178","E00014178",51.1,0.9,0.5,0.0,14.6,0.5,0.0,20.5,11.9
"E00014152","E00014152",39.2,1.6,0.0,3.2,13.2,0.3,1.1,28.4,13.0
"E00014154","E00014154",46.6,0.0,0.3,2.5,19.1,0.3,0.0,17.5,13.8
"E00014157","E00014157",49.4,0.6,0.9,1.5,17.8,0.0,1.2,17.5,11.2
"E00014176","E00014176",44.8,1.3,0.6,0.3,8.8,0.0,1.9,28.7,13.6
"E00014179","E00014179",50.6,1.1,2.8,0.0,12.9,1.1,3.4,15.2,12.9
"E00014181","E00014181",47.8,1.1,0.6,1.1,4.5,0.0,0.0,36.0,9.0
"E00014302","E00014302",39.6,4.2,0.0,0.8,6.4,0.0,1.5,35.1,12.5
"E00014322","E00014322",40.3,1.7,0.8,1.3,5.5,0.4,0.0,44.1,5.9
"E00014325","E00014325",50.7,0.7,0.0,1.1,11.6,0.0,0.7,26.8,8.5
"E00014326","E00014326",48.9,2.2,0.9,3.1,4.4,0.0,0.9,29.8,9.8
"E00014328","E00014328",48.0,0.0,1.0,1.2,8.1,0.0,1.2,32.5,8.1
"E00014329","E00014329",46.0,1.3,1.0,1.0,9.4,0.0,0.6,31.1,9.7
"E00014412","E00014412",46.0,0.9,0.0,0.9,28.1,0.0,0.0,12.5,11.6
"E00014415","E00014415",52.9,0.3,0.3,0.3,13.4,0.0,1.7,17.4,13.7
"E00014419","E00014419",61.3,0.4,0.0,0.4,15.4,0.0,0.8,8.3,13.4
"E00014438","E00014438",57.5,1.9,1.4,0.5,4.8,0.5,1.0,24.2,8.2
"E00014439","E00014439",55.1,0.4,0.0,0.0,20.6,0.0,0.0,14.6,9.3
"E00014413","E00014413",62.7,0.0,0.0,2.8,1.8,0.0,0.5,22.1,10.1
"E00014414","E00014414",58.5,0.4,0.0,0.4,13.5,0.0,0.7,14.9,11.6
"E00014418","E00014418",57.1,2.9,0.0,1.0,9.5,0.0,0.5,20.0,9.0
"E00014422","E00014422",53.8,0.4,0.0,0.4,19.2,0.4,0.0,14.5,11.1
"E00014423","E00014423",68.1,1.1,0.0,1.1,3.0,0.0,1.9,17.4,7.4
"E00014425","E00014425",52.9,0.0,0.4,2.1,12.5,0.8,0.4,21.2,9.6
"E00014440","E00014440",42.0,1.1,0.0,0.6,7.3,0.0,1.1,33.8,14.1
"E00014442","E00014442",51.6,0.3,0.7,1.0,28.7,0.0,0.0,12.1,5.5
"E00014461","E00014461",53.7,6.0,0.0,0.5,13.4,0.0,0.5,13.9,12.0
"E00014468","E00014468",40.8,1.6,0.6,0.0,29.4,0.0,1.3,11.0,15.2
"E00014470","E00014470",51.8,3.1,0.0,1.1,21.7,0.3,0.6,16.4,5.0
"E00014443","E00014443",52.1,1.2,0.0,0.0,28.1,0.0,0.3,8.9,9.5
"E00014444","E00014444",37.1,0.8,1.5,0.0,38.2,0.4,0.0,10.0,12.0
"E00014466","E00014466",55.8,1.6,0.9,0.6,22.4,0.0,0.3,9.7,8.7
"E00014467","E00014467",50.0,1.5,0.0,0.0,23.1,0.3,0.0,12.6,12.6
"E00014469","E00014469",56.6,1.4,0.0,1.0,17.4,0.3,0.3,14.2,8.7
"E00014441","E00014441",48.8,0.5,0.5,0.3,24.2,0.0,0.0,15.7,10.0
"E00014447","E00014447",49.1,0.3,0.3,0.0,27.3,0.0,0.0,13.9,9.2
"E00014448","E00014448",59.5,0.6,0.0,0.0,20.5,0.0,0.0,13.6,5.7
"E00014449","E00014449",47.1,0.3,0.0,2.7,12.1,0.0,0.0,25.9,11.8
"E00014477","E00014477",54.1,0.5,0.5,5.1,2.0,0.0,0.0,20.9,16.8
"E00014490","E00014490",55.5,2.9,0.6,0.6,13.9,0.6,0.0,13.9,12.1
"E00014492","E00014492",48.0,1.4,0.0,3.4,1.4,0.0,0.7,28.4,16.9
"E00014494","E00014494",57.7,0.8,0.0,2.9,2.9,0.4,0.0,22.4,12.9
"E00014497","E00014497",49.1,0.4,0.4,4.9,0.9,0.4,0.0,31.7,12.1
"E00014498","E00014498",59.5,0.6,0.0,4.3,3.1,0.6,0.0,17.2,14.7
"E00014502","E00014502",51.9,0.5,0.5,2.1,1.1,0.0,0.5,27.0,16.4
"E00014473","E00014473",48.4,2.1,0.0,4.2,3.8,0.0,0.7,30.0,10.8
"E00014481","E00014481",52.7,1.4,2.3,1.8,7.3,0.0,1.4,25.5,7.7
"E00014484","E00014484",57.6,1.5,0.0,4.5,1.5,0.0,0.0,26.3,8.6
"E00014485","E00014485",59.7,1.1,0.0,5.0,4.4,0.6,0.0,19.6,9.7
"E00014486","E00014486",47.0,2.1,0.6,4.6,14.9,0.3,0.3,20.4,9.8
"E00014501","E00014501",59.5,0.5,1.4,1.4,0.0,0.5,0.0,27.5,9.5
"E00014506","E00014506",47.5,1.4,1.8,7.8,10.0,0.0,0.0,24.2,7.3
"E00014475","E00014475",54.5,3.5,1.0,2.0,2.5,0.0,0.0,25.8,10.6
"E00014482","E00014482",46.2,2.7,1.8,1.8,2.7,0.0,0.0,32.1,12.7
"E00014483","E00014483",49.7,2.8,1.1,6.1,4.4,0.0,0.0,26.5,9.4
"E00014495","E00014495",52.0,3.6,0.0,1.8,5.3,0.0,0.0,22.2,15.1
"E00014500","E00014500",50.8,2.1,0.5,3.7,8.5,0.0,0.0,21.2,13.2
"E00175087","E00175087",44.2,2.1,1.0,1.5,9.8,0.0,0.3,33.2,8.0
"E00014474","E00014474",46.8,2.4,1.3,5.1,3.0,0.0,0.0,30.3,11.1
"E00014476","E00014476",49.5,3.4,1.4,3.4,1.4,0.5,2.4,32.2,5.8
"E00014478","E00014478",47.5,0.4,1.6,1.2,2.9,0.4,1.2,31.6,13.1
"E00014479","E00014479",43.7,3.5,0.5,3.0,5.5,0.0,1.5,28.6,13.6
"E00014480","E00014480",45.7,1.7,0.0,1.7,5.1,0.6,0.0,34.3,10.9
"E00014496","E00014496",49.5,1.9,1.4,2.3,7.9,0.9,0.0,27.6,8.4
"E00014505","E00014505",50.2,1.5,0.5,2.5,10.9,0.0,0.5,24.4,9.5
"E00014471","E00014471",51.7,0.0,2.9,8.0,1.7,0.0,1.7,23.6,10.3
"E00014487","E00014487",51.3,2.2,2.2,4.3,3.6,0.0,0.4,23.1,13.0
"E00014488","E00014488",54.3,0.0,0.0,11.4,5.2,0.0,0.5,18.1,10.5
"E00014489","E00014489",53.4,2.0,1.5,2.9,2.9,0.0,0.0,19.6,17.6
"E00014491","E00014491",52.5,1.5,0.4,1.5,0.8,0.0,0.0,33.2,10.2
"E00014493","E00014493",46.3,0.9,1.7,6.9,0.4,0.0,0.4,31.2,12.1
"E00014499","E00014499",41.2,0.5,0.0,2.7,8.6,0.0,1.1,34.8,11.2
"E00014155","E00014155",51.6,2.2,1.6,4.9,0.5,0.0,0.5,28.0,10.4
"E00014156","E00014156",46.8,1.6,0.5,2.1,5.3,0.0,1.1,31.9,10.6
"E00014158","E00014158",53.0,1.7,0.0,3.3,2.8,0.0,0.0,33.7,5.5
"E00014159","E00014159",44.0,1.6,0.5,3.3,1.1,1.1,0.0,36.8,11.5
"E00014160","E00014160",54.6,2.0,0.0,5.4,4.9,0.0,0.5,17.6,15.1
"E00014161","E00014161",55.8,2.8,1.6,1.6,1.6,0.0,0.8,25.9,10.0
"E00014180","E00014180",40.6,1.1,0.4,2.2,11.1,0.4,0.7,30.3,13.3
"E00014408","E00014408",50.7,0.5,0.5,2.4,11.8,0.0,0.0,22.7,11.4
"E00014409","E00014409",59.4,0.6,0.0,5.2,1.3,0.0,0.6,21.0,11.9
"E00014410","E00014410",65.0,0.3,0.7,2.7,1.3,0.0,0.0,20.2,9.8
"E00014421","E00014421",55.8,1.1,0.0,2.2,2.2,0.0,0.4,30.2,8.3
"E00014426","E00014426",63.6,1.7,1.7,2.0,1.0,0.0,1.0,20.2,8.9
"E00014428","E00014428",66.2,0.7,0.0,7.0,0.7,0.0,0.0,19.5,5.9
"E00014407","E00014407",59.1,1.3,0.0,0.0,8.6,0.9,0.9,19.0,10.3
"E00014424","E00014424",66.0,0.0,0.4,0.4,5.6,0.8,0.0,16.0,10.8
"E00014427","E00014427",63.1,0.0,0.0,2.0,2.0,0.0,0.0,24.6,8.2
"E00014429","E00014429",53.1,0.4,2.9,4.7,5.1,0.0,0.0,20.4,13.5
"E00014430","E00014430",59.8,1.1,0.7,3.2,5.7,0.0,1.1,21.7,6.8
"E00014431","E00014431",47.1,1.8,0.7,0.4,10.0,0.0,0.4,30.0,9.6
"E00014432","E00014432",45.1,1.2,0.0,1.6,9.1,0.0,0.8,29.6,12.6
"E00014433","E00014433",48.4,0.7,1.0,0.0,15.6,0.0,0.3,29.4,4.5
"E00014434","E00014434",58.1,0.6,0.3,3.8,2.2,0.0,0.6,23.0,11.2
"E00014435","E00014435",60.9,0.0,0.0,2.3,7.6,0.0,0.3,22.4,6.6
"E00014411","E00014411",54.3,1.2,0.0,0.8,6.9,0.4,0.4,24.5,11.4
"E00014416","E00014416",63.4,1.4,0.0,0.0,2.3,0.0,0.0,17.1,15.7
"E00014417","E00014417",55.9,0.0,0.8,6.5,4.2,0.0,0.0,18.6,14.1
"E00014420","E00014420",61.9,1.8,0.4,5.3,0.9,0.0,0.9,20.4,8.4
"E00014436","E00014436",56.2,0.8,0.0,1.2,1.5,0.0,0.0,22.3,18.1
"E00014437","E00014437",56.2,1.7,0.6,1.7,2.2,0.0,1.1,29.2,7.3
"E00014120","E00014120",46.6,1.3,0.0,5.6,3.9,0.0,0.9,32.3,9.5
"E00014121","E00014121",56.2,1.8,0.0,3.7,3.7,0.5,0.0,21.7,12.4
"E00014125","E00014125",59.0,1.6,1.3,1.3,9.4,0.0,0.0,17.6,9.8
"E00014127","E00014127",48.0,3.1,0.0,2.6,4.8,0.0,2.2,31.0,8.3
"E00014130","E00014130",61.2,0.4,0.4,2.9,4.3,0.0,0.7,23.7,6.5
"E00014132","E00014132",58.2,2.0,0.4,0.8,5.5,0.4,1.2,19.1,12.5
"E00014122","E00014122",34.6,1.9,0.0,3.7,9.3,0.0,2.5,38.3,9.9
"E00014123","E00014123",53.6,2.2,0.0,2.5,3.1,0.6,0.3,26.6,11.0
"E00014124","E00014124",51.3,0.5,0.0,11.1,10.3,0.5,0.8,14.6,10.8
"E00014126","E00014126",52.1,0.6,0.6,2.9,11.5,0.0,0.3,20.8,11.2
"E00014129","E00014129",57.8,1.2,1.2,6.7,6.7,0.9,0.0,17.2,8.4
"E00014135","E00014135",54.1,2.8,2.8,2.4,8.2,0.0,1.2,20.9,7.5
"E00014118","E00014118",48.6,1.0,0.3,3.1,12.9,0.3,2.4,24.8,6.3
"E00014128","E00014128",55.7,3.9,0.0,0.5,4.9,0.0,0.0,21.2,13.8
"E00014131","E00014131",55.5,2.3,0.6,2.9,3.5,0.0,2.3,22.0,11.0
"E00014133","E00014133",50.9,1.8,3.1,3.1,8.8,0.0,0.4,27.0,4.9
"E00014134","E00014134",63.0,1.5,5.0,1.0,5.5,0.0,0.5,20.0,3.5
"E00014136","E00014136",52.9,2.7,0.0,3.6,6.8,0.0,1.8,26.7,5.4
"E00014137","E00014137",58.7,1.7,0.4,4.5,2.9,0.0,0.8,23.6,7.4
"E00014117","E00014117",53.1,1.1,0.4,3.1,0.8,0.4,0.4,31.7,9.2
"E00014138","E00014138",57.1,0.9,7.5,3.7,4.3,0.0,1.2,17.1,8.1
"E00014139","E00014139",47.5,3.7,0.0,4.3,5.6,0.0,0.0,25.9,13.0
"E00014142","E00014142",47.8,0.4,1.3,0.9,0.9,0.0,1.3,38.8,8.5
"E00014144","E00014144",61.8,0.0,0.0,0.9,5.6,0.0,0.4,24.5,6.9
"E00014145","E00014145",63.9,2.4,1.0,2.9,0.5,0.0,1.0,18.0,10.2
"E00014147","E00014147",59.4,1.0,0.5,2.6,3.6,0.0,0.5,21.4,10.9
"E00014148","E00014148",70.6,0.4,0.0,0.9,0.0,0.0,0.4,20.0,7.7
"E00014119","E00014119",57.0,0.6,0.9,5.3,0.9,0.0,0.9,25.2,9.0
"E00014140","E00014140",50.9,2.8,0.0,0.0,10.4,0.5,0.9,18.9,15.6
"E00014141","E00014141",55.9,0.4,0.0,3.4,0.4,0.0,1.3,25.2,13.4
"E00014143","E00014143",59.7,1.0,0.5,2.6,4.6,0.0,0.0,22.4,9.2
"E00014146","E00014146",53.1,1.1,1.7,5.1,3.4,0.6,0.0,24.0,10.9
"E00014149","E00014149",55.3,1.6,1.1,0.0,15.3,0.5,0.5,18.9,6.8
"E00014377","E00014377",52.5,0.6,0.3,5.1,20.3,0.0,0.0,12.3,8.9
"E00014384","E00014384",56.7,1.5,1.5,4.5,7.0,0.3,0.0,19.4,9.1
"E00014390","E00014390",55.9,1.0,3.5,4.4,11.4,0.0,0.0,12.4,11.4
"E00014392","E00014392",42.1,0.4,9.8,2.4,20.5,0.0,0.0,15.4,9.4
"E00014393","E00014393",44.2,0.7,1.8,4.6,15.8,0.0,1.4,17.2,14.4
"E00014378","E00014378",49.3,2.6,0.0,0.5,7.8,0.8,1.0,23.0,14.9
"E00014381","E00014381",44.7,2.1,0.8,0.0,10.5,0.0,0.0,27.0,14.8
"E00014386","E00014386",46.1,3.9,1.5,0.0,8.1,0.0,0.0,31.4,9.0
"E00014387","E00014387",60.3,2.5,1.2,5.5,10.2,0.0,0.0,13.5,6.8
"E00014388","E00014388",48.0,2.3,0.0,2.3,8.1,0.0,0.0,27.6,11.8
"E00014394","E00014394",48.8,2.9,0.0,0.8,14.8,2.0,0.8,23.4,6.6
"E00014375","E00014375",29.2,1.5,1.5,1.1,39.8,0.0,0.0,16.2,10.6
"E00014376","E00014376",41.5,2.1,0.3,2.4,11.8,0.0,2.1,30.3,9.4
"E00014395","E00014395",47.7,3.7,0.0,0.5,13.6,0.0,0.0,24.8,9.8
"E00014396","E00014396",43.6,1.4,0.3,4.2,12.9,0.0,0.0,29.6,8.0
"E00014397","E00014397",56.0,2.2,0.0,0.8,9.5,0.5,0.0,21.0,10.0
"E00014398","E00014398",39.6,2.4,1.4,1.7,29.9,0.0,0.7,16.3,8.0
"E00014380","E00014380",52.4,0.0,1.1,5.9,5.9,1.1,0.0,19.7,13.8
"E00014382","E00014382",58.7,0.0,1.4,2.9,2.9,0.2,1.0,20.4,12.6
"E00014383","E00014383",56.1,4.7,0.0,5.8,4.7,0.4,0.7,18.7,9.0
"E00014399","E00014399",53.6,2.7,0.0,3.6,4.5,0.0,1.8,21.4,12.3
"E00014400","E00014400",53.7,2.3,0.0,2.7,3.9,0.4,0.0,26.5,10.5
"E00014401","E00014401",53.1,1.0,0.5,0.0,8.7,0.0,1.4,27.5,7.7
"E00014372","E00014372",54.0,0.8,0.4,0.8,3.8,0.0,1.3,27.2,11.7
"E00014373","E00014373",56.5,0.5,4.3,1.1,7.0,0.5,0.0,21.0,9.1
"E00014402","E00014402",47.4,0.4,0.4,1.3,19.8,0.0,0.0,19.0,11.6
"E00014403","E00014403",54.4,0.5,0.9,6.5,3.7,0.5,0.0,22.6,11.1
"E00014404","E00014404",50.6,2.2,0.4,0.4,10.7,0.7,0.4,21.0,13.7
"E00014405","E00014405",55.0,0.0,0.0,2.5,15.6,0.0,0.6,15.6,10.6
"E00014406","E00014406",48.5,8.4,0.5,2.5,7.4,0.0,1.5,29.2,2.0
"E00014508","E00014508",41.6,1.4,1.4,1.4,21.1,0.5,0.0,20.1,12.4
"E00014509","E00014509",53.7,2.5,0.4,2.5,2.5,0.4,1.2,21.9,14.9
"E00014510","E00014510",48.7,1.0,1.6,2.6,6.7,0.0,0.0,27.5,11.9
"E00014511","E00014511",45.6,5.4,1.5,1.0,8.3,1.0,0.0,26.0,11.3
"E00014514","E00014514",57.4,2.4,3.7,3.0,6.1,0.3,1.4,16.6,9.1
"E00014535","E00014535",57.6,1.9,0.8,1.6,3.5,0.0,0.0,25.3,9.3
"E00014518","E00014518",45.6,2.4,2.4,0.8,14.4,0.8,0.0,25.6,8.0
"E00014519","E00014519",50.5,1.8,0.0,1.4,7.2,0.0,0.0,27.8,11.2
"E00014520","E00014520",50.5,4.2,2.3,1.4,8.3,0.0,2.8,20.4,10.2
"E00014526","E00014526",56.2,2.6,0.4,0.4,6.4,0.4,2.6,21.0,9.9
"E00014530","E00014530",66.5,2.0,2.0,1.6,4.8,0.0,0.0,13.5,9.6
"E00014531","E00014531",54.2,5.6,1.1,2.3,6.8,0.0,0.0,18.6,11.3
"E00014523","E00014523",59.2,3.0,1.6,2.4,6.2,0.0,1.6,15.2,10.6
"E00014524","E00014524",69.3,0.4,0.4,1.5,4.7,0.0,0.0,12.4,11.3
"E00014532","E00014532",61.5,1.9,0.4,3.4,5.7,0.0,0.4,16.8,9.9
"E00014537","E00014537",61.3,0.3,1.2,6.1,3.5,0.9,0.0,15.6,11.3
"E00014538","E00014538",73.0,1.4,1.4,0.4,1.4,0.0,1.8,14.2,6.4
"E00014539","E00014539",53.0,4.3,2.5,2.1,5.0,0.0,1.1,18.5,13.5
"E00014507","E00014507",49.3,2.1,2.4,2.8,12.1,0.0,0.3,18.3,12.8
"E00014521","E00014521",57.5,0.4,0.0,5.4,6.7,0.0,0.0,21.7,8.3
"E00014522","E00014522",48.5,2.5,0.0,9.3,14.2,1.5,0.0,14.2,9.8
"E00014525","E00014525",57.3,2.2,1.1,4.7,3.6,0.4,0.7,18.6,11.3
"E00014528","E00014528",54.8,2.9,0.0,2.2,10.7,0.0,0.0,22.1,7.4
"E00014529","E00014529",47.6,2.4,1.8,1.8,15.7,0.0,0.6,22.9,7.2
"E00014512","E00014512",54.7,4.0,2.2,1.4,6.5,0.7,0.0,18.7,11.9
"E00014527","E00014527",52.8,1.4,3.7,3.7,12.4,1.8,0.0,20.2,4.1
"E00014533","E00014533",51.4,2.9,0.4,3.9,6.4,0.0,1.1,23.9,10.0
"E00014534","E00014534",47.0,2.1,1.0,4.5,11.5,0.0,1.4,25.1,7.3
"E00014536","E00014536",46.3,1.6,6.2,1.6,2.7,0.0,0.0,33.1,8.6
"E00014540","E00014540",50.2,3.1,5.0,3.1,10.8,0.0,0.0,19.7,8.1
"E00014541","E00014541",52.0,1.2,0.4,3.6,11.9,0.0,0.4,21.4,9.1
"E00014044","E00014044",73.4,1.0,0.3,1.4,0.3,0.0,0.0,16.6,6.9
"E00014045","E00014045",63.3,1.0,0.3,2.4,3.8,0.3,0.0,18.7,10.0
"E00014047","E00014047",54.9,1.9,1.9,1.9,1.9,0.4,0.0,26.9,10.2
"E00014049","E00014049",57.8,0.7,1.0,2.0,4.0,0.0,0.3,22.4,11.9
"E00014067","E00014067",60.4,1.2,0.3,3.0,8.9,0.0,1.2,18.0,7.1
"E00014070","E00014070",60.4,0.7,0.4,2.5,3.5,0.0,0.7,15.9,15.9
"E00014052","E00014052",46.6,1.9,1.9,1.5,22.1,0.4,1.1,19.8,4.6
"E00014053","E00014053",48.9,5.3,1.3,0.4,2.7,0.4,0.0,25.8,15.1
"E00014054","E00014054",43.6,3.4,0.5,0.5,20.6,0.0,4.9,18.6,7.8
"E00014055","E00014055",51.0,2.3,0.0,2.7,15.4,0.0,0.0,15.4,13.1
"E00014057","E00014057",44.5,1.9,0.5,0.5,20.1,0.0,1.4,18.2,12.9
"E00014077","E00014077",44.9,3.8,2.6,0.8,26.0,0.0,0.0,16.2,5.7
"E00014043","E00014043",58.9,2.5,3.3,1.7,6.6,0.0,0.4,22.0,4.6
"E00014061","E00014061",57.2,3.2,0.0,0.7,9.9,0.0,0.0,22.6,6.4
"E00014063","E00014063",56.2,1.1,0.0,0.4,6.8,0.0,0.0,28.1,7.5
"E00014064","E00014064",62.6,1.7,0.3,2.6,4.0,0.0,0.3,18.2,10.3
"E00014066","E00014066",53.2,0.8,0.0,3.6,8.9,0.0,2.8,19.0,11.7
"E00014056","E00014056",40.8,0.0,1.3,1.3,18.9,0.0,2.6,21.9,13.2
"E00014062","E00014062",53.6,0.7,1.7,2.7,8.6,0.0,0.3,24.7,7.6
"E00014065","E00014065",51.4,1.4,0.5,0.9,11.5,0.0,0.0,24.3,10.1
"E00014068","E00014068",56.0,0.8,0.8,0.0,8.2,1.2,0.4,21.0,11.7
"E00014072","E00014072",59.0,1.6,0.0,1.9,2.2,0.0,0.0,18.9,16.4
"E00014076","E00014076",70.3,3.5,1.4,1.1,2.8,0.0,0.4,14.1,6.4
"E00014374","E00014374",52.1,0.6,1.6,9.5,6.0,0.0,0.3,11.7,18.3
"E00014379","E00014379",65.8,3.5,1.6,4.1,3.5,0.0,0.3,11.1,10.1
"E00014385","E00014385",63.3,0.8,4.1,5.7,2.9,0.0,0.0,16.7,6.5
"E00014389","E00014389",45.0,3.4,3.1,1.7,19.6,0.0,0.7,15.1,11.3
"E00014391","E00014391",41.1,0.5,0.0,6.1,27.6,0.0,0.5,12.6,11.7
"E00014083","E00014083",68.2,1.3,0.0,0.0,4.5,0.0,1.3,17.5,7.1
"E00014084","E00014084",47.5,3.0,0.3,4.3,12.0,0.0,0.3,22.3,10.3
"E00014085","E00014085",58.6,1.6,0.0,2.1,8.9,0.5,0.0,17.8,10.5
"E00014086","E00014086",47.3,2.5,0.0,2.5,20.8,0.5,0.8,11.5,14.2
"E00014087","E00014087",53.9,1.8,0.0,4.3,6.1,0.0,0.4,19.6,13.9
"E00014092","E00014092",46.8,2.4,0.0,5.2,6.0,0.0,0.4,24.0,15.2
"E00014095","E00014095",51.4,2.8,0.9,6.4,8.7,2.3,0.0,14.2,13.3
"E00014096","E00014096",56.6,0.4,2.5,2.5,12.8,0.0,0.0,14.9,10.3
"E00014088","E00014088",53.7,1.1,0.0,2.6,10.5,2.1,1.1,15.8,13.2
"E00014089","E00014089",45.7,7.0,1.6,6.2,8.5,0.0,0.0,20.5,10.5
"E00014090","E00014090",56.6,0.9,0.5,3.7,5.5,0.0,1.8,22.8,8.2
"E00014091","E00014091",60.0,1.6,0.8,3.5,5.9,0.0,0.0,19.6,8.6
"E00014093","E00014093",56.8,2.9,0.4,2.9,10.4,0.0,0.4,17.0,9.1
"E00014097","E00014097",64.7,1.8,0.5,1.8,3.2,0.0,0.0,17.6,10.4
"E00014098","E00014098",70.3,0.5,1.5,4.5,3.0,0.5,0.0,7.4,12.4
"E00014339","E00014339",62.2,3.2,0.0,2.2,5.4,0.5,0.0,20.0,6.5
"E00014342","E00014342",60.0,0.0,1.4,2.9,9.0,0.0,0.0,13.3,13.3
"E00014347","E00014347",53.7,1.6,0.0,5.1,3.8,0.0,1.3,24.1,10.5
"E00014363","E00014363",53.1,0.5,1.5,5.6,4.6,0.0,1.5,18.4,14.8
"E00014367","E00014367",56.4,2.7,2.7,6.7,1.8,0.0,0.4,15.1,14.2
"E00014368","E00014368",57.9,1.9,0.0,5.7,5.7,0.4,0.0,20.3,8.0
"E00014371","E00014371",57.6,0.0,0.8,8.1,5.5,0.0,0.0,19.5,8.5
"E00014338","E00014338",68.5,1.0,0.0,1.5,10.3,0.0,0.0,10.3,8.4
"E00014358","E00014358",57.4,0.5,2.1,2.1,5.3,0.0,0.0,21.3,11.2
"E00014361","E00014361",62.2,3.6,0.9,1.4,2.3,0.5,0.0,18.9,10.4
"E00014362","E00014362",63.8,0.0,0.0,6.7,1.2,0.4,0.0,13.0,15.0
"E00014365","E00014365",60.8,0.0,0.9,6.6,5.2,0.0,0.5,13.2,12.7
"E00014366","E00014366",59.0,0.6,0.6,3.9,2.8,0.0,0.0,18.0,15.2
"E00014370","E00014370",62.0,0.4,0.0,1.2,4.9,0.0,0.8,18.0,12.7
"E00014330","E00014330",61.9,2.3,0.0,5.8,6.2,0.0,0.0,17.1,6.6
"E00014331","E00014331",64.5,0.5,1.4,3.6,5.5,0.0,0.0,14.5,10.0
"E00014332","E00014332",58.8,2.3,1.8,0.9,7.2,0.0,0.5,15.4,13.1
"E00014356","E00014356",58.1,0.0,0.0,5.4,8.1,0.0,0.0,18.9,9.5
"E00014357","E00014357",64.9,3.6,1.2,3.6,1.2,0.0,0.6,15.5,9.5
"E00014359","E00014359",60.2,3.3,0.0,7.7,7.7,0.0,0.0,11.0,9.9
"E00014360","E00014360",52.0,2.0,0.8,5.3,9.3,0.0,0.0,17.9,12.6
"E00014048","E00014048",48.1,0.8,2.1,1.2,8.6,0.0,0.0,29.2,9.9
"E00014050","E00014050",37.6,1.3,0.9,0.9,35.0,0.4,0.9,18.1,4.9
"E00014069","E00014069",48.7,8.4,0.4,2.3,3.1,0.0,1.5,23.4,12.3
"E00014071","E00014071",48.2,5.7,1.4,2.5,10.4,0.0,0.0,13.6,18.2
"E00014073","E00014073",51.7,3.4,0.3,1.7,6.8,0.3,0.7,20.3,14.9
"E00014074","E00014074",54.3,2.6,1.4,1.7,4.3,0.3,0.3,27.5,7.5
"E00014075","E00014075",47.9,2.6,1.9,3.4,12.8,0.0,0.0,18.5,12.8
"E00014183","E00014183",62.5,0.5,0.0,0.0,2.7,0.5,0.0,25.5,8.2
"E00014189","E00014189",43.2,4.4,1.3,1.3,6.1,0.0,0.4,31.4,11.8
"E00014199","E00014199",46.4,1.0,0.5,3.8,9.6,0.0,0.5,24.9,13.4
"E00014200","E00014200",47.9,0.5,1.6,4.3,10.6,0.5,0.0,22.3,12.2
"E00014202","E00014202",63.8,0.0,2.6,1.5,4.6,0.0,1.0,20.4,6.1
"E00014206","E00014206",47.1,1.4,0.7,0.7,2.1,0.0,2.1,29.3,16.4
"E00014207","E00014207",53.9,2.1,1.4,1.4,12.0,0.0,0.0,17.3,12.0
"E00014184","E00014184",41.1,2.9,0.5,1.9,12.9,0.5,0.0,28.7,11.5
"E00014185","E00014185",60.6,1.5,0.0,1.5,9.1,0.0,0.0,20.1,7.2
"E00014186","E00014186",46.3,2.4,2.4,2.9,13.2,0.0,2.0,21.5,9.3
"E00014187","E00014187",56.5,3.3,1.4,1.4,10.3,0.0,0.0,18.7,8.4
"E00014188","E00014188",52.4,1.8,0.0,4.3,5.5,0.0,0.6,26.8,8.5
"E00014195","E00014195",49.1,5.3,0.6,2.3,2.3,0.0,0.0,28.1,12.3
"E00014219","E00014219",51.2,3.3,0.0,0.8,9.9,0.0,0.8,25.6,8.3
"E00014220","E00014220",38.6,2.7,0.0,1.8,16.8,0.0,1.4,27.3,11.4
"E00014259","E00014259",39.2,2.8,1.4,0.7,11.9,0.0,0.7,35.0,8.4
"E00014281","E00014281",49.3,2.1,0.7,1.4,9.3,0.0,0.0,23.6,13.6
"E00014282","E00014282",43.8,2.9,1.8,1.4,19.9,1.4,0.7,14.5,13.4
"E00014284","E00014284",50.5,4.9,0.0,1.1,4.9,0.0,1.6,29.1,7.7
"E00014286","E00014286",51.5,2.7,1.7,0.7,9.2,1.0,0.0,25.8,7.5
"E00014290","E00014290",63.3,1.6,3.2,3.2,1.6,0.0,0.0,16.5,10.6
"E00014292","E00014292",39.6,5.3,1.3,3.1,9.3,0.4,0.9,29.5,10.6
"E00014513","E00014513",45.4,4.8,1.6,2.0,13.5,0.8,1.6,22.3,8.0
"E00014515","E00014515",51.3,4.7,0.4,1.7,1.7,0.9,0.0,34.6,4.7
"E00014516","E00014516",51.7,6.5,1.0,1.0,8.2,0.3,0.0,18.0,13.3
"E00014517","E00014517",40.7,7.5,2.5,3.7,10.9,0.2,0.2,24.6,9.7
"E00014542","E00014542",65.7,2.0,1.2,2.0,2.0,0.0,0.0,18.1,9.1
"E00014543","E00014543",49.1,0.0,0.4,4.7,3.9,0.4,0.4,25.9,15.1
"E00014544","E00014544",62.0,1.4,0.5,5.6,3.2,0.0,0.5,22.7,4.2
"E00014078","E00014078",68.2,1.9,0.6,0.6,4.5,0.0,0.0,15.6,8.4
"E00014079","E00014079",55.1,0.0,1.6,2.0,10.2,0.0,0.0,22.0,9.0
"E00014094","E00014094",49.8,0.4,1.2,3.7,7.9,0.0,1.2,24.5,11.2
"E00014099","E00014099",50.8,1.5,1.9,6.1,7.2,1.1,0.0,18.6,12.9
"E00014100","E00014100",63.5,0.0,0.0,2.3,6.7,0.0,1.3,15.1,11.0
"E00014102","E00014102",40.1,1.4,2.3,5.4,13.5,0.0,0.9,25.7,10.8
"E00014108","E00014108",61.4,0.3,0.0,1.7,4.7,0.0,0.7,18.8,12.4
"E00014109","E00014109",53.9,3.4,0.0,1.5,6.9,0.0,1.0,24.0,9.3
"E00014110","E00014110",65.1,1.3,0.0,0.4,13.9,0.0,1.3,11.3,6.7
"E00014112","E00014112",52.4,5.2,2.4,1.2,16.7,0.0,0.0,16.7,5.6
"E00014113","E00014113",43.1,2.3,0.6,0.6,18.4,0.0,0.6,17.8,16.7
"E00014115","E00014115",66.0,1.0,0.0,0.5,6.9,0.0,1.0,13.8,10.8
"E00014346","E00014346",54.9,0.0,2.2,2.7,7.7,0.5,2.7,15.9,13.2
"E00014348","E00014348",56.8,0.6,0.0,2.4,8.9,0.0,0.0,20.7,10.7
"E00014349","E00014349",52.9,3.6,0.0,2.2,10.5,0.0,0.7,22.5,7.6
"E00014364","E00014364",47.1,1.0,0.6,0.3,28.5,0.6,0.0,10.3,11.5
"E00175096","E00175096",44.8,0.0,1.3,0.0,28.6,0.3,1.3,13.0,10.8
"E00014334","E00014334",69.6,0.0,0.7,0.0,9.6,0.7,0.0,12.6,6.7
"E00014336","E00014336",63.2,1.3,0.4,5.9,4.2,0.0,0.8,15.9,8.4
"E00014337","E00014337",45.3,1.4,1.4,3.4,15.5,0.0,0.0,17.6,15.5
"E00014345","E00014345",62.9,0.5,0.0,3.4,3.9,0.0,2.9,14.6,11.7
"E00014351","E00014351",65.8,0.8,0.8,2.5,5.1,0.0,0.8,11.4,12.7
"E00014353","E00014353",71.1,2.0,0.4,1.6,1.6,0.0,0.0,12.6,10.6
"E00014354","E00014354",75.2,2.3,0.0,3.3,1.4,0.0,0.0,10.3,7.5
"E00014335","E00014335",58.5,2.3,0.0,1.7,14.0,0.0,0.3,12.7,10.4
"E00014341","E00014341",48.0,1.6,1.2,2.9,9.8,1.2,1.2,22.5,11.5
"E00014344","E00014344",43.8,4.4,1.5,2.0,6.6,0.0,0.0,27.9,13.7
"E00014350","E00014350",62.1,2.0,2.0,0.7,2.0,0.0,0.0,21.6,9.8
"E00014352","E00014352",38.5,1.6,0.0,2.1,27.6,0.0,0.0,18.8,11.5
"E00014355","E00014355",68.0,0.5,1.0,0.0,8.4,0.0,2.0,9.4,10.8
"E00014046","E00014046",42.1,0.7,2.4,4.8,17.2,0.0,0.7,19.7,12.4
"E00014051","E00014051",32.4,0.0,0.5,0.0,38.6,0.0,0.0,21.3,7.2
"E00014058","E00014058",42.7,2.6,0.0,1.5,20.2,0.0,1.5,16.5,15.0
"E00014059","E00014059",41.8,1.5,0.5,1.5,29.4,1.5,0.0,15.4,8.5
"E00014060","E00014060",47.1,0.7,0.7,0.3,20.4,0.0,1.7,18.0,11.1
"E00175099","E00175099",52.3,0.6,0.0,0.6,26.5,0.0,0.0,11.0,9.0
"E00175100","E00175100",31.1,2.2,2.6,0.7,38.6,0.5,1.5,13.9,9.0
"E00014263","E00014263",44.8,0.4,0.8,1.6,19.4,0.0,0.8,22.2,9.9
"E00014264","E00014264",56.1,0.4,0.0,2.9,3.8,0.0,0.0,29.7,7.1
"E00014267","E00014267",48.4,3.0,0.7,1.0,7.6,0.0,1.0,29.6,8.9
"E00014268","E00014268",52.6,0.8,2.4,1.2,9.3,0.0,0.0,23.5,10.1
"E00014293","E00014293",50.0,0.7,2.1,0.4,9.9,0.0,0.7,22.5,13.7
"E00014299","E00014299",48.7,3.3,2.6,1.5,7.0,0.0,0.7,25.6,10.6
"E00014261","E00014261",42.5,4.5,4.0,0.4,14.2,0.0,1.2,26.3,6.9
"E00014262","E00014262",51.8,1.0,0.5,0.5,5.6,0.0,0.5,31.5,8.6
"E00014265","E00014265",50.8,1.1,0.6,0.0,14.7,0.0,1.7,23.2,7.9
"E00014266","E00014266",48.1,0.0,0.8,0.8,6.2,0.0,1.2,29.5,13.6
"E00014296","E00014296",52.2,4.9,0.0,0.8,8.1,0.0,2.0,23.5,8.5
"E00014297","E00014297",49.4,3.0,0.4,1.1,19.6,0.0,0.0,18.5,7.9
"E00014298","E00014298",52.5,1.7,1.7,0.0,16.6,0.6,0.6,14.4,12.2
"E00014260","E00014260",40.4,4.1,0.9,0.5,11.0,0.0,1.4,30.7,11.0
"E00014283","E00014283",31.1,3.1,1.3,0.4,41.2,1.8,1.3,13.6,6.1
"E00014287","E00014287",45.1,3.0,0.0,0.6,13.4,0.0,0.0,29.9,7.9
"E00014288","E00014288",60.6,2.5,1.7,0.8,14.1,0.4,4.1,10.0,5.8
"E00014289","E00014289",52.8,1.7,2.6,2.1,12.0,0.4,0.9,16.7,10.7
"E00014291","E00014291",57.1,4.3,2.1,0.0,7.1,0.7,0.7,17.9,10.0
"E00014294","E00014294",56.8,2.1,0.5,2.1,7.3,0.0,0.5,22.4,8.3
"E00014295","E00014295",56.2,4.9,0.0,0.9,7.1,0.0,0.0,17.7,13.3
"E00014101","E00014101",50.4,1.2,2.8,3.6,11.2,0.4,0.0,22.4,8.0
"E00014104","E00014104",48.5,2.0,1.0,1.0,10.9,0.0,0.0,23.8,12.9
"E00014105","E00014105",52.7,2.0,0.0,2.4,7.4,0.0,0.3,19.3,15.9
"E00014116","E00014116",57.9,2.6,1.5,4.5,5.3,0.0,0.4,15.4,12.4
"E00175090","E00175090",61.2,1.7,2.5,2.1,1.7,0.0,0.0,18.6,12.2
"E00014080","E00014080",64.9,0.7,1.5,2.2,2.2,0.0,0.0,16.4,11.9
"E00014081","E00014081",63.8,0.0,1.1,4.7,2.9,1.4,0.0,11.6,14.5
"E00014082","E00014082",65.0,1.1,0.0,2.8,2.8,0.0,0.0,16.9,11.3
"E00014103","E00014103",66.1,2.8,0.6,1.7,0.0,0.0,0.0,18.1,10.7
"E00014107","E00014107",72.6,0.0,0.0,4.7,4.7,0.0,0.0,10.7,7.4
"E00014111","E00014111",63.4,0.0,0.9,5.7,5.3,0.0,0.9,11.5,12.3
"E00014190","E00014190",45.1,1.4,2.1,3.1,8.7,0.0,0.0,25.5,14.0
"E00014191","E00014191",61.7,1.1,0.0,2.9,4.7,0.4,1.1,20.4,7.7
"E00014192","E00014192",57.9,0.7,2.6,2.6,3.3,0.0,0.7,22.4,9.9
"E00014193","E00014193",62.5,0.4,0.4,2.1,6.7,0.0,0.0,22.6,5.3
"E00014217","E00014217",52.9,1.5,3.4,0.4,8.7,0.0,0.8,23.2,9.1
"E00014218","E00014218",56.6,0.7,0.3,3.7,1.0,0.0,0.0,27.3,10.4
"E00014194","E00014194",60.3,0.0,0.0,2.2,2.2,0.7,0.0,24.3,10.3
"E00014197","E00014197",56.8,2.3,0.5,0.9,8.1,0.0,0.9,19.4,11.3
"E00014198","E00014198",53.9,0.5,0.0,0.5,4.7,0.0,2.1,25.4,13.0
"E00014201","E00014201",45.5,1.8,1.8,1.2,7.3,0.0,0.0,24.8,17.6
"E00014203","E00014203",54.9,0.0,0.5,4.1,3.6,1.0,0.5,22.6,12.8
"E00014204","E00014204",64.9,1.5,2.3,1.5,1.5,0.0,0.0,21.5,6.8
"E00014210","E00014210",58.9,2.3,0.0,3.3,3.3,0.0,0.5,19.6,12.1
"E00014196","E00014196",63.9,0.0,1.4,0.7,1.4,0.0,0.0,21.5,11.1
"E00014205","E00014205",66.2,0.8,0.4,2.5,3.3,0.0,0.0,15.8,10.8
"E00014208","E00014208",58.5,2.5,0.0,1.3,2.5,0.0,0.0,22.0,13.2
"E00014209","E00014209",59.6,1.0,0.3,3.4,4.7,0.0,0.0,18.5,12.5
"E00014213","E00014213",59.4,1.3,0.4,4.8,3.9,0.0,0.9,22.3,7.0
"E00014214","E00014214",57.2,1.0,1.0,5.5,4.8,0.7,0.0,16.2,13.4
"E00014270","E00014270",48.7,2.5,2.5,0.0,21.5,0.0,1.9,13.3,9.5
"E00014271","E00014271",45.2,2.1,1.6,0.5,13.8,0.0,2.1,30.3,4.3
"E00014274","E00014274",42.2,0.5,1.4,2.3,16.1,0.0,0.0,29.8,7.8
"E00014276","E00014276",49.0,0.8,0.8,2.5,9.1,0.4,0.4,25.3,11.6
"E00014277","E00014277",52.6,1.9,1.9,0.0,8.0,0.5,0.5,24.4,10.3
"E00014279","E00014279",62.9,0.0,1.2,1.8,5.3,0.0,0.6,19.4,8.8
"E00014280","E00014280",46.5,3.9,0.8,0.8,7.9,0.0,0.0,26.0,14.2
"E00014258","E00014258",49.2,1.6,0.3,0.7,11.8,0.0,0.3,23.3,12.8
"E00014269","E00014269",48.6,2.8,0.5,1.9,2.3,0.5,0.9,31.3,11.2
"E00014272","E00014272",52.4,0.6,1.2,2.4,6.6,0.0,0.0,26.5,10.2
"E00014273","E00014273",58.6,0.5,3.0,1.0,12.1,0.0,1.0,18.2,5.6
"E00014275","E00014275",44.7,6.4,2.3,2.3,10.2,0.4,0.0,23.5,10.2
"E00014278","E00014278",63.2,0.6,1.2,0.0,6.1,0.0,0.6,19.6,8.6
"E00014285","E00014285",54.4,1.9,0.5,1.4,10.7,0.0,1.4,21.4,8.4
"E00014545","E00014545",51.3,0.0,0.4,0.7,4.9,0.0,0.0,31.8,10.9
"E00014561","E00014561",61.4,0.0,0.4,2.2,3.5,0.0,0.4,20.2,11.8
"E00014563","E00014563",61.0,1.6,0.0,0.4,4.5,0.0,0.0,20.7,11.8
"E00014564","E00014564",55.1,0.8,2.0,0.8,7.9,0.0,0.4,29.9,3.1
"E00014567","E00014567",56.6,0.7,1.0,1.0,1.7,0.0,1.0,26.4,11.5
"E00014568","E00014568",55.2,0.4,0.9,0.0,2.7,0.0,0.4,23.3,17.0
"E00014569","E00014569",55.0,2.3,0.4,0.8,7.3,0.0,0.8,22.9,10.7
"E00014551","E00014551",54.5,0.0,1.5,1.5,3.8,0.0,0.0,29.2,9.5
"E00014554","E00014554",70.0,1.9,1.9,0.8,1.2,0.0,0.4,18.5,5.4
"E00014555","E00014555",69.2,2.3,2.7,2.3,0.5,1.4,0.9,16.7,4.1
"E00014556","E00014556",60.3,2.9,1.7,0.0,4.6,0.0,0.8,21.3,8.4
"E00014557","E00014557",49.6,0.0,3.4,2.2,12.1,0.4,1.3,24.6,6.5
"E00014577","E00014577",58.2,1.1,0.0,0.5,5.4,0.5,0.5,22.8,10.9
"E00014550","E00014550",67.5,0.6,0.0,1.2,2.4,0.0,0.0,16.9,11.4
"E00014553","E00014553",62.8,0.9,0.9,1.9,1.9,0.5,1.4,16.3,13.5
"E00014575","E00014575",62.8,1.0,0.0,2.4,3.4,0.0,0.0,22.5,7.8
"E00014576","E00014576",61.1,1.5,0.5,1.5,2.5,0.0,0.5,18.7,13.6
"E00014579","E00014579",66.7,0.0,0.6,1.8,7.0,0.6,0.3,9.4,13.6
"E00014580","E00014580",58.1,0.8,2.1,2.9,3.7,0.0,0.0,15.8,16.6
"E00014581","E00014581",64.9,0.5,0.9,4.1,0.9,0.0,0.5,19.8,8.6
"E00014595","E00014595",56.7,5.3,0.0,3.5,7.0,0.0,0.0,16.4,11.1
"E00014597","E00014597",53.7,1.2,0.0,1.2,4.3,0.0,0.6,19.5,19.5
"E00014600","E00014600",65.4,0.5,0.0,1.6,5.4,0.0,0.5,14.6,11.9
"E00014602","E00014602",59.6,0.6,0.0,1.1,12.4,0.0,1.1,13.5,11.8
"E00014604","E00014604",56.2,1.9,1.0,0.0,14.8,1.9,0.5,14.8,9.0
"E00014605","E00014605",68.0,3.1,0.4,1.3,3.6,0.4,0.4,15.1,7.6
"E00014603","E00014603",71.6,0.0,2.6,2.2,0.9,0.0,0.9,11.2,10.8
"E00014607","E00014607",65.6,1.6,1.6,1.6,1.6,0.0,0.0,15.0,13.0
"E00014609","E00014609",56.4,0.0,1.4,3.2,5.5,0.0,0.0,21.8,11.8
"E00014611","E00014611",66.8,1.2,0.8,3.9,1.5,0.0,0.8,17.0,8.1
"E00014612","E00014612",75.3,0.4,1.3,4.5,1.3,0.0,1.3,9.4,6.3
"E00014613","E00014613",65.5,1.2,0.4,2.4,0.8,0.0,0.0,15.3,14.5
"E00014594","E00014594",64.2,1.3,0.0,5.8,4.4,0.0,0.4,18.1,5.8
"E00014596","E00014596",77.9,0.0,0.0,1.4,1.4,0.2,0.0,11.8,7.3
"E00014601","E00014601",70.2,0.0,0.0,4.7,0.4,0.0,0.0,15.7,8.9
"E00014606","E00014606",56.8,0.0,3.2,0.0,5.6,0.0,1.6,24.0,8.8
"E00175091","E00175091",69.8,2.2,0.0,2.2,3.1,0.0,0.0,15.1,7.6
"E00014582","E00014582",67.9,0.0,0.4,1.2,3.2,0.0,0.4,18.3,8.7
"E00014583","E00014583",60.0,2.6,0.0,3.6,5.6,0.0,0.0,16.9,11.3
"E00014584","E00014584",65.4,0.3,1.0,1.0,6.5,0.0,0.0,15.8,9.9
"E00014585","E00014585",63.9,0.4,0.0,2.1,4.6,0.0,0.0,21.8,7.1
"E00014586","E00014586",80.1,0.0,0.0,0.7,5.7,2.8,0.0,6.4,4.3
"E00014587","E00014587",61.3,3.8,1.9,0.6,6.2,0.0,1.2,21.2,3.8
"E00014588","E00014588",58.2,0.6,0.0,5.1,1.9,0.0,0.6,12.7,20.9
"E00014589","E00014589",66.4,0.9,2.7,1.8,2.7,0.0,0.9,11.5,13.3
"E00014590","E00014590",67.8,0.0,0.0,4.1,2.2,1.0,0.0,15.0,9.9
"E00014591","E00014591",65.9,0.7,0.4,0.7,4.8,0.7,0.0,16.3,10.4
"E00014592","E00014592",68.2,0.9,0.0,0.9,6.3,0.0,0.0,15.7,8.1
"E00014593","E00014593",61.9,1.2,0.4,4.5,2.8,0.4,0.0,19.4,9.3
"E00014598","E00014598",73.5,0.9,0.0,2.1,0.9,0.0,0.0,17.5,5.1
"E00014599","E00014599",69.3,0.4,0.0,1.8,3.1,0.0,0.0,16.4,8.9
"E00014223","E00014223",57.8,2.0,0.0,4.0,4.4,0.0,2.0,23.1,6.8
"E00014224","E00014224",70.0,0.4,1.3,2.6,3.0,0.0,0.0,13.3,9.4
"E00014225","E00014225",64.8,0.9,1.4,2.8,3.8,0.0,0.5,18.8,7.0
"E00014226","E00014226",63.8,1.2,0.0,3.7,0.0,0.0,0.0,22.1,9.2
"E00014228","E00014228",53.3,2.7,0.7,4.7,3.3,1.3,0.7,17.3,16.0
"E00014229","E00014229",49.1,0.6,0.6,3.4,14.9,0.0,1.1,13.7,16.6
"E00014232","E00014232",73.5,1.1,0.0,1.1,1.1,0.0,0.0,15.1,8.1
"E00014227","E00014227",63.9,0.4,0.7,0.0,4.7,0.0,0.4,17.2,12.8
"E00014230","E00014230",52.2,0.4,0.0,0.4,8.9,0.0,0.4,22.3,15.2
"E00014231","E00014231",68.5,0.0,0.0,7.6,1.7,0.0,0.4,15.1,6.7
"E00014233","E00014233",56.0,1.1,0.0,0.6,8.6,0.0,0.0,20.6,13.1
"E00014234","E00014234",65.5,2.2,0.0,0.9,6.2,0.4,0.0,16.4,8.4
"E00014236","E00014236",51.6,1.4,0.0,0.9,18.6,0.0,0.0,12.2,15.4
"E00014651","E00014651",65.2,0.6,0.0,3.7,6.1,0.0,0.0,17.7,6.7
"E00014652","E00014652",68.2,0.6,0.6,1.0,5.8,0.0,0.3,15.9,7.5
"E00014654","E00014654",58.5,0.5,2.2,0.0,4.4,0.0,0.5,21.3,12.6
"E00014655","E00014655",57.0,1.4,0.0,2.7,6.8,0.0,0.9,19.0,12.2
"E00014656","E00014656",56.4,1.8,0.0,2.8,13.8,0.0,0.0,14.2,11.0
"E00014658","E00014658",62.2,1.7,1.7,2.0,3.4,0.3,0.0,16.0,12.6
"E00014657","E00014657",70.9,0.4,0.9,0.9,1.8,0.0,0.0,17.0,8.1
"E00014659","E00014659",52.7,1.9,1.2,1.9,5.0,0.0,0.0,27.9,9.3
"E00014660","E00014660",69.9,0.6,0.9,4.5,4.5,0.0,0.0,10.8,8.8
"E00014662","E00014662",69.1,0.3,0.0,2.9,2.3,0.0,0.7,16.9,7.8
"E00014668","E00014668",68.2,2.1,0.0,3.3,0.0,0.0,0.4,17.8,8.3
"E00014669","E00014669",66.5,1.1,0.0,0.7,4.1,0.0,0.0,18.2,9.3
"E00014646","E00014646",59.3,1.0,0.3,2.3,7.8,0.3,0.0,21.2,7.8
"E00014647","E00014647",55.5,0.5,0.0,4.8,1.9,0.5,0.0,23.0,13.9
"E00014648","E00014648",69.3,0.5,0.5,4.1,1.6,0.0,0.5,13.8,9.9
"E00014649","E00014649",73.8,0.4,0.4,0.8,0.8,0.0,0.8,15.8,7.1
"E00014650","E00014650",58.5,0.0,2.4,1.4,5.3,0.0,0.0,25.1,7.2
"E00014653","E00014653",54.4,6.3,0.0,2.5,5.7,0.0,0.0,24.1,7.0
"E00014182","E00014182",60.4,1.4,2.3,0.9,4.6,0.0,0.0,17.1,13.4
"E00014211","E00014211",68.8,0.4,0.4,0.7,3.9,0.0,0.0,14.3,11.5
"E00014212","E00014212",61.9,0.6,1.1,4.4,0.6,0.0,0.6,22.7,8.3
"E00014215","E00014215",62.8,0.5,3.2,1.1,2.1,0.0,1.1,17.0,12.2
"E00175097","E00175097",33.3,2.6,3.5,1.6,4.0,0.9,0.3,45.7,8.2
"E00175098","E00175098",37.9,3.2,4.7,1.1,5.3,0.5,1.1,39.5,6.8
"E00014546","E00014546",56.7,2.4,0.0,2.4,5.9,0.0,0.0,22.4,10.2
"E00014558","E00014558",62.3,1.9,1.1,4.2,2.6,0.0,0.0,14.7,13.2
"E00014560","E00014560",64.1,0.4,0.4,4.1,0.0,0.0,0.0,19.3,11.9
"E00014562","E00014562",63.0,1.5,0.4,8.3,0.8,0.0,0.8,15.1,10.2
"E00014578","E00014578",56.9,1.2,0.3,3.8,2.6,0.0,0.3,22.3,12.6
"E00014547","E00014547",54.6,0.6,1.4,1.7,3.9,1.1,0.6,26.3,10.0
"E00014548","E00014548",61.1,3.2,0.7,3.2,4.3,0.0,0.0,20.0,7.5
"E00014552","E00014552",67.8,1.1,0.6,1.4,7.8,0.3,0.0,12.0,9.0
"E00014559","E00014559",64.3,0.0,0.0,4.0,0.8,0.0,0.4,21.0,9.5
"E00014565","E00014565",55.3,3.6,2.5,2.5,3.0,0.0,0.5,26.9,5.6
"E00014566","E00014566",65.9,1.3,0.0,2.3,4.9,0.3,0.0,18.4,6.9
"E00014549","E00014549",52.7,0.5,0.0,2.3,5.5,0.0,0.5,27.3,11.4
"E00014570","E00014570",53.4,2.0,0.0,1.2,6.7,0.0,0.0,26.1,10.7
"E00014571","E00014571",49.6,0.8,1.7,0.8,11.2,0.0,0.0,23.3,12.5
"E00014572","E00014572",56.2,2.7,0.0,1.1,8.1,0.0,0.0,23.8,8.1
"E00014573","E00014573",56.3,2.1,0.0,1.7,5.0,0.0,0.4,19.7,14.7
"E00014574","E00014574",56.7,0.0,2.2,2.8,2.2,1.1,0.0,23.0,11.8
"E00014661","E00014661",57.6,0.8,1.9,1.6,5.8,0.0,0.4,23.0,8.9
"E00014663","E00014663",59.9,1.1,0.0,2.1,1.6,0.0,0.0,23.5,11.8
"E00014664","E00014664",69.7,1.3,0.4,2.4,1.5,0.4,0.0,17.8,6.5
"E00014665","E00014665",57.7,1.8,0.9,4.0,5.7,0.0,0.4,21.6,7.9
"E00014666","E00014666",68.4,1.1,2.2,0.7,1.1,0.0,0.0,20.0,6.5
"E00014667","E00014667",54.8,0.0,2.9,0.0,12.9,0.0,0.4,18.6,10.4
"E00014235","E00014235",63.8,0.6,0.0,1.1,5.6,0.0,0.0,19.8,9.0
"E00014237","E00014237",49.3,0.7,4.1,0.7,15.5,0.0,0.7,16.2,12.8
"E00014238","E00014238",62.7,0.6,1.3,0.6,8.2,0.0,0.0,19.0,7.6
"E00014239","E00014239",50.6,0.8,2.1,2.1,23.7,0.0,0.0,14.9,5.8
"E00014241","E00014241",60.5,0.5,0.5,0.0,18.1,0.5,0.5,11.6,7.9
"E00014244","E00014244",52.0,2.5,0.0,0.5,20.6,0.5,0.5,14.2,9.3
"E00014250","E00014250",49.2,2.1,0.0,0.8,17.9,0.0,0.4,25.0,4.6
"E00014221","E00014221",60.5,0.0,0.4,0.4,8.5,0.0,0.4,18.9,11.0
"E00014251","E00014251",49.3,2.9,0.0,0.0,4.3,0.0,0.7,28.3,14.5
"E00014252","E00014252",55.3,3.4,1.9,1.9,6.7,0.0,0.0,26.0,4.8
"E00014254","E00014254",52.2,1.1,1.1,1.6,15.1,0.0,0.5,15.1,13.4
"E00014255","E00014255",59.9,8.0,0.0,2.9,5.8,0.0,0.0,17.5,5.8
"E00014256","E00014256",61.4,3.5,0.0,0.9,8.8,0.4,0.4,12.7,11.8
"E00014257","E00014257",59.5,1.1,1.1,0.0,6.3,0.0,0.5,17.9,13.7
"E00014243","E00014243",41.6,1.2,0.3,0.3,38.4,0.6,1.5,9.9,6.4
"E00014246","E00014246",43.2,5.0,0.0,0.0,29.5,0.0,0.0,12.2,10.1
"E00014247","E00014247",44.3,2.0,1.2,0.0,32.8,0.0,0.0,13.4,6.3
"E00014249","E00014249",46.0,2.2,0.0,0.0,33.0,0.0,0.4,8.3,10.1
"E00014222","E00014222",49.3,0.0,0.0,0.5,22.8,0.0,0.0,17.4,10.0
"E00014240","E00014240",60.2,0.9,0.0,1.3,25.1,0.0,0.0,9.1,3.4
"E00014242","E00014242",53.6,0.4,1.1,0.0,16.6,0.0,0.4,19.6,8.3
"E00014248","E00014248",63.4,1.0,2.1,0.0,4.7,0.5,0.5,18.3,9.4
"E00175101","E00175101",49.2,1.7,0.0,0.0,16.8,0.0,0.8,18.1,13.4
"E00014645","E00014645",54.6,2.0,1.4,3.1,14.7,0.0,0.0,18.1,6.1
"E00014670","E00014670",60.6,0.8,1.7,0.4,3.3,0.4,0.0,18.7,14.1
"E00014671","E00014671",58.5,0.4,0.9,4.9,4.5,0.0,0.0,22.3,8.5
"E00014672","E00014672",53.8,0.9,6.2,0.4,8.9,0.0,0.9,16.9,12.0
"E00014673","E00014673",58.7,0.8,0.8,2.8,7.3,0.0,0.0,21.5,8.1
"E00175088","E00175088",60.7,1.7,1.3,2.6,4.4,0.0,1.3,18.8,9.2
"E00175089","E00175089",55.8,3.8,3.4,2.4,6.7,0.0,0.5,18.8,8.7
"E00175092","E00175092",54.6,0.9,0.0,0.0,19.8,0.0,0.0,18.9,5.7



